0	1
0.06281942300000054	2
0.6378111980000014	3
0.7213552570000008	4
0.7548421040000015	5
0.7892260910000015	6
0.8387170720000015	7
0.9954564680000004	8
1.1382771760000008	9
1.2265152330000024	10
1.2335852089999992	11
1.333094861000001	12
1.338409921000002	13
1.3434396420000017	14
1.3466650930000004	15
1.3570494120000003	16
1.3760067970000005	17
1.3761876789999992	18
1.3938044109999996	19
1.418312944000002	20
1.4307926910000024	21
1.4352524410000012	22
1.4407438950000024	23
1.4461667830000007	24
1.4517426490000016	25
1.4524607659999997	26
1.4650805410000007	27
1.4911807140000004	28
1.4920851290000012	29
1.492943386000002	30
1.495068907000002	31
1.4990948600000014	32
1.5071791610000016	33
1.5353140330000006	34
1.5391427400000008	35
1.5393816950000012	36
1.5400920080000002	37
1.5451863730000017	38
1.5476634950000001	39
1.5482944599999993	40
1.5561871850000006	41
1.5563007379999991	42
1.5576460570000012	43
1.5594432479999991	44
1.5747170270000002	45
1.5750845370000004	46
1.5757266990000023	47
1.578495117000001	48
1.5817313250000016	49
1.5829096430000025	50
1.5903659700000023	51
1.5992781229999995	52
1.5998778640000015	53
1.6005214170000013	54
1.6056959230000007	55
1.6068596010000018	56
1.611226923000002	57
1.6140385179999992	58
1.6202343410000015	59
1.6221595289999993	60
1.6227265249999991	61
1.630717769000002	62
1.6443498370000018	63
1.6472251740000008	64
1.6613215340000007	65
1.6631251000000002	66
1.6669442579999991	67
1.670258599000002	68
1.6717712850000002	69
1.6732543260000003	70
1.6793553680000013	71
1.6807530689999997	72
1.6862813069999998	73
1.688153238	74
1.6889489619999996	75
1.700879476999999	76
1.7155968460000022	77
1.7212356240000002	78
1.7222623670000008	79
1.7253649190000022	80
1.7262911419999991	81
1.733959853	82
1.7373531700000004	83
1.7402386060000001	84
1.7410445810000024	85
1.7621208930000005	86
1.7660106859999996	87
1.766564452999999	88
1.7751260050000024	89
1.7852858660000006	90
1.795672393000002	91
1.817590314000002	92
1.819216838000001	93
1.8744784439999993	94
1.9116813379999993	95
1.9779440039999994	96
2.154735553	97
2.1798891030000025	98
2.3358738829999997	99
2.350844682	100
2.357230481	101
2.4211552530000002	102
2.426367517000001	103
2.432138258	104
2.450479145000001	105
2.4533275660000005	106
2.456536550000001	107
2.459703547000002	108
2.4658770830000005	109
2.466540139000001	110
2.498365467000001	111
2.5093133660000024	112
2.543126850000002	113
2.5506374140000023	114
2.5541844230000006	115
2.561446893000001	116
2.573296258000001	117
2.5749164450000013	118
2.5783368850000006	119
2.5788208950000016	120
2.5916244440000025	121
2.593042885000001	122
2.621718703000001	123
2.645227697000001	124
2.6462958600000004	125
2.6465064579999993	126
2.664049394000001	127
2.66836672	128
2.672691487	129
2.673364696000002	130
2.678061955000002	131
2.691734834	132
2.695698645000002	133
2.696581173	134
2.7028755360000023	135
2.712448783000001	136
2.721330173	137
2.7268476890000013	138
2.728706947000001	139
2.740445081999999	140
2.742676541	141
2.750395642999999	142
2.7504683990000007	143
2.7585798280000002	144
2.7626234259999993	145
2.765614223000002	146
2.7665206310000006	147
2.7799884000000024	148
2.784757575000002	149
2.7861742570000008	150
2.791886530000001	151
2.793982894000001	152
2.798835157000001	153
2.8118579030000017	154
2.820224422000001	155
2.8384603409999993	156
2.849742089000001	157
2.853479600000002	158
2.861204466000002	159
2.868697311	160
2.870168352000002	161
2.8714106499999996	162
2.8748045159999993	163
2.877676322000001	164
2.878552537999999	165
2.8863884700000018	166
2.8886503180000016	167
2.903526256000001	168
2.905120290000001	169
2.907316473	170
2.9085264870000014	171
2.912861140000002	172
2.9201214030000013	173
2.9356165799999996	174
2.937329528000001	175
2.9452366970000003	176
2.9505067070000006	177
2.9613957600000003	178
2.9618192420000025	179
2.9621524640000008	180
2.962163128000002	181
2.9697321960000007	182
2.970741995999999	183
2.9775109670000024	184
2.9801653770000005	185
2.992061672	186
2.9968684900000024	187
3.0081071250000004	188
3.009937945999999	189
3.0102261499999994	190
3.013446281000002	191
3.0141404440000006	192
3.015770914999999	193
3.0179799670000005	194
3.025629642	195
3.029861393999999	196
3.030096213000002	197
3.0327030110000006	198
3.036675233000002	199
3.036767524	200
3.0372774049999993	201
3.0401162830000015	202
3.045956472000002	203
3.0471390250000017	204
3.050142546000002	205
3.0501823480000017	206
3.0666340010000024	207
3.068195999000002	208
3.0713830830000024	209
3.071806422	210
3.0782784450000005	211
3.079369722000001	212
3.083343674	213
3.0854311800000023	214
3.1068672609999997	215
3.1083409070000005	216
3.109258027000001	217
3.1183243849999993	218
3.1187091460000023	219
3.1330200900000005	220
3.1341545160000006	221
3.156021002000001	222
3.1661723870000014	223
3.176478312000002	224
3.188518073999999	225
3.1997541700000003	226
3.2021545650000025	227
3.226772073000001	228
3.2286764970000004	229
3.246517272	230
3.250084952	231
3.261509918	232
3.269731275	233
3.2714452420000004	234
3.2805937830000023	235
3.300709191000001	236
3.304017530000001	237
3.3149185140000004	238
3.318548132000002	239
3.321332441000001	240
3.3522629120000023	241
3.3870231549999996	242
3.391351105	243
3.402653850000002	244
3.4035628659999997	245
3.4353825380000007	246
3.443524835	247
3.481030647999999	248
3.4843384719999992	249
3.4973105479999997	250
3.523851303999999	251
3.5454739720000017	252
3.5524608030000007	253
3.554250295000001	254
3.5551494849999994	255
3.565471295	256
3.5805453200000006	257
3.6063781740000014	258
3.723700338000002	259
3.760697605999999	260
3.7677773970000015	261
3.810646811	262
3.8213778949999995	263
3.826410676	264
3.8410960989999996	265
3.867467158000002	266
3.877231238000002	267
3.8772352130000005	268
3.8867775830000024	269
3.893644495000002	270
3.9524584899999997	271
3.9619952509999994	272
4.0115722420000015	273
4.012731220000001	274
4.040943377	275
4.0739689760000015	276
4.090311323	277
4.116227256	278
4.116638077999999	279
4.1651229080000025	280
4.189266754	281
4.2883439459999995	282
4.354335428000001	283
4.355570868999999	284
4.358280539000001	285
4.407794397000002	286
4.476689260000002	287
4.477269720000001	288
4.578241169	289
4.655685863	290
4.692592189000001	291
4.707307318	292
4.719207088999999	293
4.802105034000002	294
4.835445394000002	295
4.866667349000002	296
4.951773404999999	297
4.96535035	298
5.707185259000001	299
5.7961593600000025	300
6.019329939	301
6.123699428	302
6.129366825	303
6.132192711	304
6.181688809000002	305
6.3018255750000005	306
6.448304335000001	307
6.666474421000002	308
6.742310926	309
7.031945243000001	310
7.052634051	311
7.461413147	312
7.9334625400000025	313
9.285808664	314
10.097248665	315
11.622528820000001	316
16.665581797999998	317
16.673709061000004	318
17.064579263	319
17.134539209000003	320
17.995370329000004	321
20.510787047	322
21.465990263000002	323
23.005618095000003	324
23.450916895000006	325
24.060033440000005	326
25.934384202000004	327
26.291208090000005	328
35.433315553	329
40.132800321000005	330
58.56258808700001	331
60.507685498	332
65.04969139	333
73.768374999	334
76.933457712	335
78.418348005	336
79.162479483	337
79.63123971	338
93.42358538	339
96.408265994	340
103.238406856	341
104.23455200400001	342
105.613659951	343
111.725895492	344
133.544559077	345
139.85031154499998	346
140.910158588	347
145.31477581	348
183.55974760299998	349
185.611415484	350
186.409384413	351
187.632471066	352
194.69175405299998	353
198.309487268	354
201.736373513	355
216.662623401	356
235.67657111699998	357
249.75823537999997	358
276.367426988	359
283.286088508	360
287.36995034399996	361
479.923359378	362
484.652732975	363
485.61812928399996	364
490.03425881699997	365
506.849525231	366
507.13059298	367
517.411368829	368
525.3425373670001	369
526.5541878070001	370
