1.1775576290000003	1
1.1834136799999997	2
1.7178261789999998	3
1.7422479240000004	4
2.1392992659999996	5
2.4916785879999996	6
2.493079557	7
2.4974959709999998	8
2.505363541	9
2.506178968	10
2.511188384	11
2.51484337	12
2.520222282	13
2.522738915	14
2.5258516619999996	15
2.5267066669999996	16
2.5284929569999997	17
2.529086428	18
2.533094496	19
2.5348407959999997	20
2.5359934760000002	21
2.538474831	22
2.5398268409999996	23
2.5417999869999996	24
2.5422925299999997	25
2.543898924	26
2.5450854699999996	27
2.5457574480000003	28
2.5468652090000004	29
2.54882228	30
2.5501224749999998	31
2.551927713	32
2.5602490349999996	33
2.566199682	34
2.567755424	35
2.6516764900000003	36
2.676378039	37
2.6864308080000003	38
2.7102401759999997	39
2.71494245	40
2.719050412	41
2.822313301	42
2.8254403370000003	43
2.9657174549999996	44
2.984248325	45
2.9917545659999996	46
3.014487595	47
3.68080338	48
3.7110634780000002	49
3.7134038009999997	50
3.7135305950000004	51
3.72625293	52
3.7671932389999996	53
3.862695731	54
3.8640916649999997	55
3.8653783489999998	56
3.8736339049999997	57
3.889744176	58
3.895621391	59
3.9034296439999996	60
3.920023427	61
3.921813977	62
3.9299760349999997	63
3.9414175009999997	64
4.038227373	65
4.04288315	66
4.043824346999999	67
4.057670203000001	68
4.064420308000001	69
4.065810143	70
4.076401132999999	71
4.084877725	72
4.0967790740000005	73
4.104322143999999	74
4.109241282999999	75
4.125796183	76
4.168153393000001	77
4.194786154000001	78
4.241864055000001	79
4.251830998999999	80
4.262130215999999	81
4.270693404999999	82
4.279855448999999	83
4.287209248	84
4.365417013	85
4.400100978999999	86
4.423323591999999	87
4.458708639999999	88
4.69624423	89
4.710240019999999	90
4.796757846	91
4.815005542	92
4.837688195	93
4.994790617	94
5.448518497	95
6.063707701	96
6.52491094	97
