0.35932278900000014	1
0.3640674370000001	2
0.3700585730000001	3
0.3707813120000001	4
0.37216894200000006	5
0.37334358599999984	6
0.37746372500000014	7
0.3821686940000002	8
0.3837537919999998	9
0.388010768	10
0.38821662199999984	11
0.3938733870000002	12
0.3967132910000002	13
0.41598246800000016	14
0.43373322199999986	15
0.4359539680000002	16
0.439918563	17
0.44608420399999993	18
0.4463882830000001	19
0.4464984740000002	20
0.45026436699999994	21
0.450377381	22
0.45134988899999984	23
0.45492628700000015	24
0.457620908	25
0.46228888700000015	26
0.46231126300000014	27
0.46235466999999986	28
0.462777703	29
0.46624273800000005	30
0.47233706100000017	31
0.4734753660000002	32
0.47405609999999987	33
0.4780855449999999	34
0.48019716999999984	35
0.48967104699999986	36
0.507335291	37
0.5356843090000001	38
0.5537829740000002	39
7.858480096000001	40
7.948639777	41
8.017264799000001	42
8.036165249	43
8.043339538	44
8.065594669000001	45
8.068848828	46
8.11719493	47
8.201050834	48
8.209519415	49
8.436628823000001	50
30.006388164	51
30.830506221	52
31.018812736999998	53
31.034799631	54
31.169651576	55
31.244069236999998	56
31.327352380999997	57
31.41399706	58
31.431250061	59
31.857492926	60
31.957684522999998	61
32.014115313	62
32.152647387	63
32.244143688	64
32.466643911	65
32.567390083999996	66
32.601885917	67
32.716191797	68
32.745875624	69
32.77512934	70
33.015143644	71
33.060803942999996	72
33.178989797	73
33.195012522	74
33.633265165	75
33.749364473	76
33.872638364	77
33.880612487	78
34.161792704999996	79
34.210016394	80
34.381448598999995	81
34.48775501	82
34.821134801	83
35.163154239	84
35.164120098	85
35.281228817999995	86
35.658625434	87
35.742711148	88
35.881939573	89
35.982346678999996	90
36.069815597	91
36.082019941999995	92
36.701435356	93
36.787571475	94
36.97252332	95
37.344694628999996	96
38.777418968	97
42.511433683	98
43.822359219999996	99
45.38061645	100
45.562784745	101
45.598553126	102
45.729087151	103
45.77744578	104
45.854833381999995	105
45.914023457	106
46.259040725	107
46.284539665	108
46.374089231999996	109
46.445459182	110
46.546190445	111
46.608621626	112
46.729964353	113
46.937571296	114
47.029009716	115
47.093579950999995	116
47.663904752	117
47.6757324	118
48.141129819999996	119
48.38847836	120
48.477417936	121
49.142578121999996	122
49.21645495	123
49.842694288	124
50.013965025	125
50.060116827	126
50.635968326	127
51.283701238999996	128
51.834531405	129
52.246066201	130
52.597702324	131
52.611024358	132
53.182490944	133
54.468022386	134
55.979796381999996	135
