2.1396771799999996	1
2.2303171940000013	2
2.265277676	3
2.3463327990000025	4
2.5010872210000024	5
2.5593658670000003	6
2.625929234000001	7
2.663362837000001	8
2.6716174919999993	9
2.6919155349999997	10
2.7351610410000013	11
2.742423241000001	12
2.7712661569999995	13
2.822098064000002	14
2.8407305130000005	15
2.855742135	16
2.8863523240000006	17
2.922868353000002	18
2.9731181719999995	19
3.4222992679999997	20
3.7574727920000015	21
3.9214993380000003	22
3.9727054310000014	23
4.009635053	24
4.0951502479999995	25
4.175598256000001	26
4.180687705	27
4.201205777000002	28
4.714937701	29
4.73576899	30
5.006517589000001	31
5.020652925	32
5.159383893000001	33
5.300142940000001	34
5.318281541000001	35
5.331166375000002	36
5.3633513740000005	37
5.364007813000001	38
5.375162504000002	39
5.384103583000002	40
5.469891779000001	41
5.476950860000002	42
5.508730782000001	43
5.522879648	44
5.595375104000002	45
5.6128322829999995	46
5.652139541	47
5.665966603000001	48
5.785264502	49
5.814124804000002	50
5.814452547000002	51
5.834658405999999	52
5.838402494	53
5.839121701	54
5.844521181000001	55
5.855796781000002	56
5.862749667999999	57
5.864279646	58
5.908446066	59
6.003013908	60
6.008801823000002	61
6.012286764000002	62
6.025855740000001	63
6.0410702480000005	64
6.075839663	65
6.128661685000001	66
6.139147114	67
6.186185102	68
6.214489127	69
6.236262458000002	70
6.247273567000001	71
6.292289302	72
6.317799509	73
6.410262037999999	74
6.422433573999999	75
6.4954708770000025	76
6.576432214	77
6.608005021	78
6.720305867	79
6.735765386000001	80
6.911890261	81
6.959082977000001	82
6.968653013000001	83
7.541578809000001	84
7.568483461	85
7.651029140000002	86
7.749306688000001	87
7.969637670000001	88
72.960718996	89
77.32063337400001	90
81.71928548700001	91
92.5952522	92
95.413544188	93
96.150957197	94
99.970805953	95
