0.5015435999999998	1
0.5044420919999997	2
0.5121162029999997	3
0.6737222269999998	4
0.681603119	5
0.6859994120000001	6
0.6896418669999997	7
0.6909252669999999	8
0.6923700080000001	9
0.6932619639999995	10
0.6941039030000002	11
0.6963512290000002	12
0.6965407109999999	13
0.6966354699999995	14
0.6971378829999999	15
0.698250024	16
0.6995359749999999	17
0.7017220049999997	18
0.7018183430000002	19
0.7049556470000002	20
0.7055783159999995	21
0.7056319000000002	22
0.7080209229999994	23
0.7091210779999999	24
0.7099352259999998	25
0.7101561079999996	26
0.7106321649999998	27
0.7122466300000001	28
0.712726601	29
0.712961065	30
0.714843116	31
0.7154648889999997	32
0.7183057699999997	33
0.718841404	34
0.7190503569999995	35
0.7202472689999997	36
0.7219755879999994	37
0.7232691199999994	38
0.7260717809999999	39
0.7309074559999997	40
0.731194179	41
0.7321821499999999	42
0.7406095129999999	43
0.7423331659999999	44
0.767200935	45
0.7694399719999998	46
0.7767059519999995	47
1.2144172329999998	48
1.257104978	49
1.3011492459999996	50
1.3367623349999995	51
1.3680260199999994	52
1.3934633539999997	53
1.629900255	54
1.6490027539999996	55
1.6839350479999995	56
1.6858625580000002	57
1.874842341	58
2.0652534830000002	59
2.730031106	60
2.818205207	61
3.4758748519999996	62
4.413983918	63
4.980471404999999	64
6.853129036	65
7.066918192999999	66
9.33333477	67
10.190941745	68
23.520571495	69
38.148556416	70
142.26385323300002	71
