0.14361976099999962	1
0.14456274000000002	2
0.1460998769999997	3
0.15260664199999985	4
0.15312690299999998	5
0.15533647699999964	6
0.15672301700000002	7
0.16404069300000002	8
0.16821463199999975	9
0.16901287899999984	10
0.16950714599999994	11
0.17011238799999973	12
0.1710732359999998	13
0.17355394899999999	14
0.1761297879999999	15
0.18266506799999993	16
0.18509593699999982	17
0.1858747989999996	18
0.18614110100000003	19
0.18643473300000002	20
0.1879831409999997	21
0.18952147899999972	22
0.19322558199999973	23
0.19871484399999995	24
0.19963534199999966	25
0.20207716600000003	26
0.20532032999999972	27
0.20550349199999962	28
0.20585441999999965	29
0.20631685799999966	30
0.20921836399999982	31
0.21213527199999982	32
0.21529740099999994	33
0.21932699099999997	34
0.22649977099999985	35
0.22725104799999984	36
0.22871905099999967	37
0.2292973479999998	38
0.23256295499999968	39
0.2335870329999996	40
0.237612484	41
0.23856401699999985	42
0.24040461400000002	43
0.24475708499999982	44
0.2474230249999998	45
0.24893512299999987	46
0.25662646099999975	47
0.262122749	48
0.26382040799999995	49
0.2667653449999996	50
0.2675924689999998	51
0.26811422799999995	52
0.2808105759999999	53
0.28999474099999967	54
0.3031876889999996	55
0.31653818099999986	56
0.32023429400000003	57
0.3240056619999998	58
0.34562401499999984	59
0.34679046899999966	60
0.34835437099999966	61
0.3494537839999996	62
0.35503419	63
0.36632755699999997	64
0.38171644199999966	65
0.401634241	66
0.4054837509999998	67
0.4217145529999997	68
0.4264833709999998	69
0.4280831469999997	70
0.43356664099999964	71
0.43382472399999994	72
0.4357403129999997	73
0.43677933899999966	74
0.4368392499999998	75
0.437249494	76
0.4377102449999999	77
0.43836891099999997	78
0.43956044699999985	79
0.44183694799999973	80
0.442429191	81
0.44341448699999964	82
0.4435718949999998	83
0.44387664199999977	84
0.4476753529999997	85
0.4481737029999997	86
0.4505597619999997	87
0.450695874	88
0.4524315959999998	89
0.45342520099999994	90
0.4544219619999996	91
0.4550764189999996	92
0.4551576589999997	93
0.45523402699999993	94
0.455637533	95
0.45581669999999974	96
0.45866408299999994	97
0.45925444399999993	98
0.46472807699999974	99
0.466021408	100
0.4663782569999997	101
0.46700980599999964	102
0.469164712	103
0.47108757599999995	104
0.47635205299999983	105
0.4852189629999999	106
0.4859193369999999	107
0.4925353709999998	108
0.4954898539999997	109
0.49760143999999995	110
0.49790708699999975	111
0.4993354649999997	112
0.5015435999999998	113
0.5044420919999997	114
0.5088942539999999	115
0.5091779679999999	116
0.5098067979999996	117
0.5121162029999997	118
0.5137259269999999	119
0.5201598069999998	120
0.5255898159999997	121
0.5303455639999997	122
0.5310045349999997	123
0.5363974979999999	124
0.5369296079999999	125
0.5374636529999997	126
0.5385303459999999	127
0.5410303669999998	128
0.5528093409999997	129
0.5551534329999996	130
0.556186866	131
0.5567554599999998	132
0.5729167659999996	133
0.5912118309999999	134
0.6104449120000002	135
0.6130049880000001	136
0.614576016	137
0.6190765459999996	138
0.6297094769999996	139
0.6323980339999995	140
0.6347434959999996	141
0.6394148589999995	142
0.6438552409999998	143
0.6471871259999995	144
0.647641686	145
0.6513117560000001	146
0.6548819979999996	147
0.6594911879999996	148
0.6595079659999996	149
0.6673219179999998	150
0.6735956199999995	151
0.6737222269999998	152
0.6749710929999999	153
0.681603119	154
0.684509619	155
0.6848313499999996	156
0.6859994120000001	157
0.6880780770000001	158
0.6884531909999998	159
0.6896418669999997	160
0.6909252669999999	161
0.6923700080000001	162
0.6932619639999995	163
0.6941039030000002	164
0.6963512290000002	165
0.6965407109999999	166
0.6966354699999995	167
0.6971378829999999	168
0.698250024	169
0.6995359749999999	170
0.7017220049999997	171
0.7018183430000002	172
0.7049556470000002	173
0.7055783159999995	174
0.7056319000000002	175
0.7080209229999994	176
0.7091210779999999	177
0.7099352259999998	178
0.7101561079999996	179
0.7106321649999998	180
0.7122466300000001	181
0.712726601	182
0.712961065	183
0.7137023299999994	184
0.714843116	185
0.7154648889999997	186
0.7183057699999997	187
0.718841404	188
0.7190503569999995	189
0.7202472689999997	190
0.7219755879999994	191
0.7232691199999994	192
0.7260717809999999	193
0.7309074559999997	194
0.731194179	195
0.7321821499999999	196
0.7324671970000001	197
0.7361038759999996	198
0.7406095129999999	199
0.7423331659999999	200
0.7518789909999999	201
0.7539237229999998	202
0.7567577979999998	203
0.767200935	204
0.768938125	205
0.7694399719999998	206
0.7728742820000001	207
0.7767059519999995	208
0.7999860380000001	209
0.8016474219999994	210
0.8064505799999999	211
0.8068850469999997	212
0.8074449599999998	213
0.8101932490000001	214
0.8140040129999999	215
0.8151002639999998	216
0.8160391669999996	217
0.8238912659999995	218
0.826560594	219
0.8322940010000002	220
0.8356654619999997	221
0.8398733649999999	222
0.8446507189999997	223
0.8500539439999999	224
0.8532244100000002	225
0.853392747	226
0.8568739139999995	227
0.8580730489999997	228
0.8596624889999998	229
0.8624487969999999	230
0.8768018719999997	231
0.8841024969999998	232
0.8891732210000001	233
0.8919941059999994	234
0.9000892120000001	235
0.9035766509999998	236
0.9122952579999994	237
0.9145466359999999	238
0.9162047700000002	239
0.9173282650000001	240
0.9237592179999998	241
0.9365869020000002	242
0.9376710739999998	243
0.9522527279999995	244
0.9533992419999997	245
0.9683153029999998	246
1.0116918739999994	247
1.0124830529999995	248
1.0225053929999994	249
1.04530352	250
1.1024268389999996	251
1.1285947529999998	252
1.135813528	253
1.143167956	254
1.2144172329999998	255
1.257104978	256
1.2924955149999997	257
1.3011492459999996	258
1.3271735179999995	259
1.3367623349999995	260
1.3623140400000002	261
1.3680260199999994	262
1.3847462349999997	263
1.3909732410000002	264
1.3934633539999997	265
1.4131371889999995	266
1.4469426399999996	267
1.4791124899999994	268
1.4994905699999999	269
1.5139348099999994	270
1.515816343	271
1.5263974610000002	272
1.540758062	273
1.570352207	274
1.5718152029999999	275
1.579015825	276
1.582839098	277
1.5962454739999998	278
1.6177943519999998	279
1.629900255	280
1.6384103190000001	281
1.6490027539999996	282
1.6839350479999995	283
1.6858625580000002	284
1.6908633929999999	285
1.6965965330000001	286
1.759301648	287
1.808314233	288
1.8237046679999995	289
1.854290636	290
1.874842341	291
1.9219820299999997	292
1.9339650849999996	293
1.9778546639999997	294
2.0051063969999996	295
2.0639039509999995	296
2.064824376	297
2.0652534830000002	298
2.070635471	299
2.0928530929999996	300
2.1439497339999996	301
2.163304684	302
2.184765007	303
2.203228932	304
2.2525433659999994	305
2.2813058589999997	306
2.3211096489999994	307
2.446497344	308
2.4631328759999995	309
2.557754653	310
2.5852065699999995	311
2.5991261659999996	312
2.730031106	313
2.7406902629999994	314
2.7477856979999995	315
2.750932779	316
2.818205207	317
2.884749888	318
2.9546335409999998	319
3.0014223089999996	320
3.0035831239999995	321
3.0159329469999996	322
3.2669346909999994	323
3.280052864	324
3.297191272	325
3.3530561279999995	326
3.4334244069999995	327
3.4758748519999996	328
3.527608133	329
3.56583661	330
3.6314700009999994	331
3.634457424	332
3.6670336189999997	333
3.6718349119999996	334
3.674258707	335
4.0670067649999995	336
4.223309148999999	337
4.283591092	338
4.3182200019999994	339
4.3478025659999995	340
4.413983918	341
4.485311821	342
4.782340881	343
4.887724895	344
4.980471404999999	345
5.101729328999999	346
5.107374412	347
5.547445418000001	348
5.883806065	349
5.925641827	350
6.228691694	351
6.416517668999999	352
6.473088281999999	353
6.488741274000001	354
6.853129036	355
7.066918192999999	356
7.446178356999999	357
7.4908534289999995	358
7.680634349	359
8.456803041	360
9.246763464999999	361
9.291718564	362
9.33333477	363
9.495136449	364
10.088851191	365
10.190941745	366
10.47873571	367
10.567390455	368
10.572425041999999	369
10.682568121	370
13.054783181	371
13.338712251999999	372
13.543251488000001	373
16.228797325000002	374
16.582614612	375
19.506953586	376
21.385527754	377
23.520571495	378
23.624601299	379
24.800164078	380
26.668342889999998	381
30.212233382	382
31.142793668000003	383
33.746368808	384
35.863692027	385
38.148556416	386
39.103923544000004	387
48.001799922000004	388
48.168498656000004	389
48.251024018	390
51.443982363	391
62.981098202000005	392
63.134300739000004	393
63.14973363400001	394
68.210860673	395
69.73084920199999	396
71.621297289	397
73.322466976	398
75.481918126	399
75.825181761	400
77.072552961	401
81.396903154	402
85.540816051	403
88.229669092	404
94.418246439	405
100.529141919	406
115.389688872	407
142.26385323300002	408
148.67151605400002	409
180.74561375300001	410
228.441956836	411
250.002206565	412
286.783027118	413
