1.965552314	1
1.9938119149999993	2
2.0121560759999992	3
2.0164751029999994	4
2.023255292	5
2.024969702	6
2.0268947389999994	7
2.030345155999999	8
2.0313528009999997	9
2.0354540629999995	10
2.036705543	11
2.0383532739999994	12
2.0405527029999995	13
2.0417857459999995	14
2.0431717419999993	15
2.0439902639999996	16
2.04772018	17
2.0501853909999994	18
2.0531131569999994	19
2.0541249589999993	20
2.068330852	21
2.069603367999999	22
2.0722341969999993	23
2.0735903249999996	24
2.0778019159999994	25
2.0806736069999996	26
2.082414451999999	27
2.0832539299999997	28
2.109757793	29
2.114932831	30
2.155027551	31
2.1874476429999996	32
2.193528144	33
2.2044789929999995	34
2.214483422	35
2.2215167189999994	36
2.227834562	37
2.233687937	38
2.234258208	39
2.2423050809999996	40
2.244744783	41
2.2486604859999995	42
2.248676734	43
2.2502218009999995	44
2.2533730919999995	45
2.2556946259999995	46
2.2568093879999997	47
2.2580155069999996	48
2.2588824689999996	49
2.2601650169999994	50
2.2827390349999988	51
2.2852964979999992	52
2.288517314	53
2.3033907540000005	54
2.3587455960000003	55
2.36603764	56
2.375875195999999	57
2.379174063999999	58
2.410923389999999	59
2.473703769	60
2.488603436	61
2.490772933999999	62
2.5052241120000005	63
2.5288450210000004	64
2.5340968999999998	65
2.5384157199999997	66
2.5390829860000004	67
2.543472866	68
2.5461322849999988	69
2.557586807	70
2.570373611999999	71
2.5761155529999993	72
2.618334246	73
2.638763311	74
2.671971853999999	75
2.676011708999999	76
2.6772373629999997	77
2.6872264149999996	78
2.6982475299999997	79
2.70238071	80
2.7135407649999994	81
2.713809674	82
2.715623333	83
2.719445661	84
2.7201839119999995	85
2.7270649020000004	86
2.7289344829999997	87
2.736164691999999	88
2.737783952999999	89
2.744051234999999	90
2.798949629999999	91
2.806179878	92
2.8894162869999995	93
2.9135428989999994	94
3.0501842519999993	95
3.091564986	96
3.1139119940000004	97
5.081658082999999	98
6.776136791999999	99
